153
378.331421 779.337158
329.314728 779.337158
378.331421 679.085754
327.193695 679.085754
244.662827 708.310364
244.662827 645.668579
244.662827 779.337158
378.331421 879.588623
327.193695 879.588623
244.662827 850.363953
244.662827 913.005737
110.994240 779.337158
160.010910 779.337158
110.994240 879.588623
162.131958 879.588623
110.994240 679.085754
162.131958 679.085754
378.331421 512.000000
329.314728 512.000000
378.331421 411.748566
327.193695 411.748566
244.662827 440.973206
244.662827 378.331421
244.662827 512.000000
378.331421 612.251465
327.193695 612.251465
244.662827 583.026794
244.662827 645.668579
110.994240 512.000000
160.010910 512.000000
110.994240 612.251465
162.131958 612.251465
110.994240 411.748566
162.131958 411.748566
378.331421 244.662842
329.314728 244.662842
378.331421 144.411407
327.193695 144.411407
244.662827 173.636047
244.662827 110.994247
244.662827 244.662842
378.331421 344.914276
327.193695 344.914276
244.662827 315.689636
244.662827 378.331421
110.994240 244.662842
160.010910 244.662842
110.994240 344.914276
162.131958 344.914276
110.994240 144.411407
162.131958 144.411407
645.668579 779.337158
596.651917 779.337158
645.668579 679.085754
594.530884 679.085754
512.000000 708.310364
512.000000 645.668579
512.000000 779.337158
645.668579 879.588623
594.530884 879.588623
512.000000 850.363953
512.000000 913.005737
378.331421 779.337158
427.348083 779.337158
378.331421 879.588623
429.469116 879.588623
378.331421 679.085754
429.469116 679.085754
645.668579 512.000000
596.651917 512.000000
645.668579 411.748566
594.530884 411.748566
512.000000 440.973206
512.000000 378.331421
512.000000 512.000000
645.668579 612.251465
594.530884 612.251465
512.000000 583.026794
512.000000 645.668579
378.331421 512.000000
427.348083 512.000000
378.331421 612.251465
429.469116 612.251465
378.331421 411.748566
429.469116 411.748566
645.668579 244.662842
596.651917 244.662842
645.668579 144.411407
594.530884 144.411407
512.000000 173.636047
512.000000 110.994247
512.000000 244.662842
645.668579 344.914276
594.530884 344.914276
512.000000 315.689636
512.000000 378.331421
378.331421 244.662842
427.348083 244.662842
378.331421 344.914276
429.469116 344.914276
378.331421 144.411407
429.469116 144.411407
913.005737 779.337158
863.989075 779.337158
913.005737 679.085754
861.867981 679.085754
779.337158 708.310364
779.337158 645.668579
779.337158 779.337158
913.005737 879.588623
861.867981 879.588623
779.337158 850.363953
779.337158 913.005737
645.668579 779.337158
694.685242 779.337158
645.668579 879.588623
696.806335 879.588623
645.668579 679.085754
696.806335 679.085754
913.005737 512.000000
863.989075 512.000000
913.005737 411.748566
861.867981 411.748566
779.337158 440.973206
779.337158 378.331421
779.337158 512.000000
913.005737 612.251465
861.867981 612.251465
779.337158 583.026794
779.337158 645.668579
645.668579 512.000000
694.685242 512.000000
645.668579 612.251465
696.806335 612.251465
645.668579 411.748566
696.806335 411.748566
913.005737 244.662842
863.989075 244.662842
913.005737 144.411407
861.867981 144.411407
779.337158 173.636047
779.337158 110.994247
779.337158 244.662842
913.005737 344.914276
861.867981 344.914276
779.337158 315.689636
779.337158 378.331421
645.668579 244.662842
694.685242 244.662842
645.668579 344.914276
696.806335 344.914276
645.668579 144.411407
696.806335 144.411407
10.994242
0.261071
0.261071
0.261071
10.994242
10.994242
10.994242
0.261071
0.261071
10.994242
10.994242
10.994242
0.261071
0.261071
0.261071
0.261071
0.261071
10.994242
0.261071
0.261071
0.261071
10.994242
10.994242
10.994242
0.261071
0.261071
10.994242
10.994242
10.994242
0.261071
0.261071
0.261071
0.261071
0.261071
10.994242
0.261071
0.261071
0.261071
10.994242
10.994242
10.994242
0.261071
0.261071
10.994242
10.994242
10.994242
0.261071
0.261071
0.261071
0.261071
0.261071
10.994242
0.261071
0.261071
0.261071
10.994242
10.994242
10.994242
0.261071
0.261071
10.994242
10.994242
10.994242
0.261071
0.261071
0.261071
0.261071
0.261071
10.994242
0.261071
0.261071
0.261071
10.994242
10.994242
10.994242
0.261071
0.261071
10.994242
10.994242
10.994242
0.261071
0.261071
0.261071
0.261071
0.261071
10.994242
0.261071
0.261071
0.261071
10.994242
10.994242
10.994242
0.261071
0.261071
10.994242
10.994242
10.994242
0.261071
0.261071
0.261071
0.261071
0.261071
10.994242
0.261071
0.261071
0.261071
10.994242
10.994242
10.994242
0.261071
0.261071
10.994242
10.994242
10.994242
0.261071
0.261071
0.261071
0.261071
0.261071
10.994242
0.261071
0.261071
0.261071
10.994242
10.994242
10.994242
0.261071
0.261071
10.994242
10.994242
10.994242
0.261071
0.261071
0.261071
0.261071
0.261071
10.994242
0.261071
0.261071
0.261071
10.994242
10.994242
10.994242
0.261071
0.261071
10.994242
10.994242
10.994242
0.261071
0.261071
0.261071
0.261071
0.261071
1.100000
0.100000
0.100000
0.100000
1.100000
1.100000
1.100000
0.100000
0.100000
1.100000
1.100000
1.100000
0.100000
0.100000
0.100000
0.100000
0.100000
1.100000
0.100000
0.100000
0.100000
1.100000
1.100000
1.100000
0.100000
0.100000
1.100000
1.100000
1.100000
0.100000
0.100000
0.100000
0.100000
0.100000
1.100000
0.100000
0.100000
0.100000
1.100000
1.100000
1.100000
0.100000
0.100000
1.100000
1.100000
1.100000
0.100000
0.100000
0.100000
0.100000
0.100000
1.100000
0.100000
0.100000
0.100000
1.100000
1.100000
1.100000
0.100000
0.100000
1.100000
1.100000
1.100000
0.100000
0.100000
0.100000
0.100000
0.100000
1.100000
0.100000
0.100000
0.100000
1.100000
1.100000
1.100000
0.100000
0.100000
1.100000
1.100000
1.100000
0.100000
0.100000
0.100000
0.100000
0.100000
1.100000
0.100000
0.100000
0.100000
1.100000
1.100000
1.100000
0.100000
0.100000
1.100000
1.100000
1.100000
0.100000
0.100000
0.100000
0.100000
0.100000
1.100000
0.100000
0.100000
0.100000
1.100000
1.100000
1.100000
0.100000
0.100000
1.100000
1.100000
1.100000
0.100000
0.100000
0.100000
0.100000
0.100000
1.100000
0.100000
0.100000
0.100000
1.100000
1.100000
1.100000
0.100000
0.100000
1.100000
1.100000
1.100000
0.100000
0.100000
0.100000
0.100000
0.100000
1.100000
0.100000
0.100000
0.100000
1.100000
1.100000
1.100000
0.100000
0.100000
1.100000
1.100000
1.100000
0.100000
0.100000
0.100000
0.100000
0.100000
9
4
5
3
2
7
8
10
9
1
1
0
1
0
1
0
3
0
6
11
2
0
11
2
4
9
1
0
1
0
3
11
6
0
2
11
0
9
15
16
5
4
12
9
10
14
13
1
11
1
11
1
11
1
11
1
11
9
21
22
20
19
24
25
27
26
18
1
17
1
17
1
17
3
17
23
28
2
17
28
2
21
26
1
17
1
17
3
28
23
17
2
28
17
9
32
33
22
21
29
26
27
31
30
1
28
1
28
1
28
1
28
1
28
9
38
39
37
36
41
42
44
43
35
1
34
1
34
1
34
3
34
40
45
2
34
45
2
38
43
1
34
1
34
3
45
40
34
2
45
34
9
49
50
39
38
46
43
44
48
47
1
45
1
45
1
45
1
45
1
45
9
55
56
54
53
58
59
61
60
52
1
51
1
51
1
51
3
51
57
62
2
51
62
2
55
60
1
51
1
51
3
62
57
51
2
62
51
9
66
67
56
55
63
60
61
65
64
1
62
1
62
1
62
1
62
1
62
9
72
73
71
70
75
76
78
77
69
1
68
1
68
1
68
3
68
74
79
2
68
79
2
72
77
1
68
1
68
3
79
74
68
2
79
68
9
83
84
73
72
80
77
78
82
81
1
79
1
79
1
79
1
79
1
79
9
89
90
88
87
92
93
95
94
86
1
85
1
85
1
85
3
85
91
96
2
85
96
2
89
94
1
85
1
85
3
96
91
85
2
96
85
9
100
101
90
89
97
94
95
99
98
1
96
1
96
1
96
1
96
1
96
9
106
107
105
104
109
110
112
111
103
1
102
1
102
1
102
3
102
108
113
2
102
113
2
106
111
1
102
1
102
3
113
108
102
2
113
102
9
117
118
107
106
114
111
112
116
115
1
113
1
113
1
113
1
113
1
113
9
123
124
122
121
126
127
129
128
120
1
119
1
119
1
119
3
119
125
130
2
119
130
2
123
128
1
119
1
119
3
130
125
119
2
130
119
9
134
135
124
123
131
128
129
133
132
1
130
1
130
1
130
1
130
1
130
9
140
141
139
138
143
144
146
145
137
1
136
1
136
1
136
3
136
142
147
2
136
147
2
140
145
1
136
1
136
3
147
142
136
2
147
136
9
151
152
141
140
148
145
146
150
149
1
147
1
147
1
147
1
147
1
147
9
7701
94.000000
21.000000
1.100000
1
3
3
0.600000
32
0
0.930000
32
32
0
