207
378.331421 779.337158
244.662827 779.337158
244.662827 706.662842
378.331421 714.220398
331.080322 679.085754
319.442413 720.448181
244.662827 660.917175
378.331421 662.806519
244.662827 852.011475
378.331421 844.453918
331.080322 879.588623
319.442413 838.226135
244.662827 897.757202
378.331421 895.867798
110.994240 779.337158
110.994240 844.453918
158.245331 879.588623
169.883224 838.226135
110.994240 895.867798
110.994240 714.220398
158.245331 679.085754
169.883224 720.448181
110.994240 662.806519
378.331421 512.000000
244.662827 512.000000
244.662827 439.325714
378.331421 446.883270
331.080322 411.748566
319.442413 453.111023
244.662827 393.579987
378.331421 395.469391
244.662827 584.674316
378.331421 577.116760
331.080322 612.251465
319.442413 570.888977
244.662827 630.419983
378.331421 628.530579
110.994240 512.000000
110.994240 577.116760
158.245331 612.251465
169.883224 570.888977
110.994240 628.530579
110.994240 446.883270
158.245331 411.748566
169.883224 453.111023
110.994240 395.469391
378.331421 244.662842
244.662827 244.662842
244.662827 171.988525
378.331421 179.546097
331.080322 144.411392
319.442413 185.773880
244.662827 126.242828
378.331421 128.132217
244.662827 317.337128
378.331421 309.779572
331.080322 344.914276
319.442413 303.551788
244.662827 363.082825
378.331421 361.193451
110.994240 244.662842
110.994240 309.779572
158.245331 344.914276
169.883224 303.551788
110.994240 361.193451
110.994240 179.546097
158.245331 144.411392
169.883224 185.773880
110.994240 128.132217
645.668579 779.337158
512.000000 779.337158
512.000000 706.662842
645.668579 714.220398
598.417480 679.085754
586.779602 720.448181
512.000000 660.917175
645.668579 662.806519
512.000000 852.011475
645.668579 844.453918
598.417480 879.588623
586.779602 838.226135
512.000000 897.757202
645.668579 895.867798
378.331421 779.337158
378.331421 844.453918
425.582520 879.588623
437.220398 838.226135
378.331421 895.867798
378.331421 714.220398
425.582520 679.085754
437.220398 720.448181
378.331421 662.806519
645.668579 512.000000
512.000000 512.000000
512.000000 439.325714
645.668579 446.883270
598.417480 411.748566
586.779602 453.111023
512.000000 393.579987
645.668579 395.469391
512.000000 584.674316
645.668579 577.116760
598.417480 612.251465
586.779602 570.888977
512.000000 630.419983
645.668579 628.530579
378.331421 512.000000
378.331421 577.116760
425.582520 612.251465
437.220398 570.888977
378.331421 628.530579
378.331421 446.883270
425.582520 411.748566
437.220398 453.111023
378.331421 395.469391
645.668579 244.662842
512.000000 244.662842
512.000000 171.988525
645.668579 179.546097
598.417480 144.411392
586.779602 185.773880
512.000000 126.242828
645.668579 128.132217
512.000000 317.337128
645.668579 309.779572
598.417480 344.914276
586.779602 303.551788
512.000000 363.082825
645.668579 361.193451
378.331421 244.662842
378.331421 309.779572
425.582520 344.914276
437.220398 303.551788
378.331421 361.193451
378.331421 179.546097
425.582520 144.411392
437.220398 185.773880
378.331421 128.132217
913.005737 779.337158
779.337158 779.337158
779.337158 706.662842
913.005737 714.220398
865.754639 679.085754
854.116821 720.448181
779.337158 660.917175
913.005737 662.806519
779.337158 852.011475
913.005737 844.453918
865.754639 879.588623
854.116821 838.226135
779.337158 897.757202
913.005737 895.867798
645.668579 779.337158
645.668579 844.453918
692.919678 879.588623
704.557495 838.226135
645.668579 895.867798
645.668579 714.220398
692.919678 679.085754
704.557495 720.448181
645.668579 662.806519
913.005737 512.000000
779.337158 512.000000
779.337158 439.325714
913.005737 446.883270
865.754639 411.748566
854.116821 453.111023
779.337158 393.579987
913.005737 395.469391
779.337158 584.674316
913.005737 577.116760
865.754639 612.251465
854.116821 570.888977
779.337158 630.419983
913.005737 628.530579
645.668579 512.000000
645.668579 577.116760
692.919678 612.251465
704.557495 570.888977
645.668579 628.530579
645.668579 446.883270
692.919678 411.748566
704.557495 453.111023
645.668579 395.469391
913.005737 244.662842
779.337158 244.662842
779.337158 171.988525
913.005737 179.546097
865.754639 144.411392
854.116821 185.773880
779.337158 126.242828
913.005737 128.132217
779.337158 317.337128
913.005737 309.779572
865.754639 344.914276
854.116821 303.551788
779.337158 363.082825
913.005737 361.193451
645.668579 244.662842
645.668579 309.779572
692.919678 344.914276
704.557495 303.551788
645.668579 361.193451
645.668579 179.546097
692.919678 144.411392
704.557495 185.773880
645.668579 128.132217
10.994242
10.994242
10.994242
10.994242
0.261071
0.261071
0.261071
0.261071
10.994242
10.994242
0.261071
0.261071
0.261071
0.261071
10.994242
10.994242
0.261071
0.261071
0.261071
10.994242
0.261071
0.261071
0.261071
10.994242
10.994242
10.994242
10.994242
0.261071
0.261071
0.261071
0.261071
10.994242
10.994242
0.261071
0.261071
0.261071
0.261071
10.994242
10.994242
0.261071
0.261071
0.261071
10.994242
0.261071
0.261071
0.261071
10.994242
10.994242
10.994242
10.994242
0.261071
0.261071
0.261071
0.261071
10.994242
10.994242
0.261071
0.261071
0.261071
0.261071
10.994242
10.994242
0.261071
0.261071
0.261071
10.994242
0.261071
0.261071
0.261071
10.994242
10.994242
10.994242
10.994242
0.261071
0.261071
0.261071
0.261071
10.994242
10.994242
0.261071
0.261071
0.261071
0.261071
10.994242
10.994242
0.261071
0.261071
0.261071
10.994242
0.261071
0.261071
0.261071
10.994242
10.994242
10.994242
10.994242
0.261071
0.261071
0.261071
0.261071
10.994242
10.994242
0.261071
0.261071
0.261071
0.261071
10.994242
10.994242
0.261071
0.261071
0.261071
10.994242
0.261071
0.261071
0.261071
10.994242
10.994242
10.994242
10.994242
0.261071
0.261071
0.261071
0.261071
10.994242
10.994242
0.261071
0.261071
0.261071
0.261071
10.994242
10.994242
0.261071
0.261071
0.261071
10.994242
0.261071
0.261071
0.261071
10.994242
10.994242
10.994242
10.994242
0.261071
0.261071
0.261071
0.261071
10.994242
10.994242
0.261071
0.261071
0.261071
0.261071
10.994242
10.994242
0.261071
0.261071
0.261071
10.994242
0.261071
0.261071
0.261071
10.994242
10.994242
10.994242
10.994242
0.261071
0.261071
0.261071
0.261071
10.994242
10.994242
0.261071
0.261071
0.261071
0.261071
10.994242
10.994242
0.261071
0.261071
0.261071
10.994242
0.261071
0.261071
0.261071
10.994242
10.994242
10.994242
10.994242
0.261071
0.261071
0.261071
0.261071
10.994242
10.994242
0.261071
0.261071
0.261071
0.261071
10.994242
10.994242
0.261071
0.261071
0.261071
10.994242
0.261071
0.261071
0.261071
1.100000
1.100000
1.100000
1.100000
0.100000
0.100000
0.100000
0.100000
1.100000
1.100000
0.100000
0.100000
0.100000
0.100000
1.100000
1.100000
0.100000
0.100000
0.100000
1.100000
0.100000
0.100000
0.100000
1.100000
1.100000
1.100000
1.100000
0.100000
0.100000
0.100000
0.100000
1.100000
1.100000
0.100000
0.100000
0.100000
0.100000
1.100000
1.100000
0.100000
0.100000
0.100000
1.100000
0.100000
0.100000
0.100000
1.100000
1.100000
1.100000
1.100000
0.100000
0.100000
0.100000
0.100000
1.100000
1.100000
0.100000
0.100000
0.100000
0.100000
1.100000
1.100000
0.100000
0.100000
0.100000
1.100000
0.100000
0.100000
0.100000
1.100000
1.100000
1.100000
1.100000
0.100000
0.100000
0.100000
0.100000
1.100000
1.100000
0.100000
0.100000
0.100000
0.100000
1.100000
1.100000
0.100000
0.100000
0.100000
1.100000
0.100000
0.100000
0.100000
1.100000
1.100000
1.100000
1.100000
0.100000
0.100000
0.100000
0.100000
1.100000
1.100000
0.100000
0.100000
0.100000
0.100000
1.100000
1.100000
0.100000
0.100000
0.100000
1.100000
0.100000
0.100000
0.100000
1.100000
1.100000
1.100000
1.100000
0.100000
0.100000
0.100000
0.100000
1.100000
1.100000
0.100000
0.100000
0.100000
0.100000
1.100000
1.100000
0.100000
0.100000
0.100000
1.100000
0.100000
0.100000
0.100000
1.100000
1.100000
1.100000
1.100000
0.100000
0.100000
0.100000
0.100000
1.100000
1.100000
0.100000
0.100000
0.100000
0.100000
1.100000
1.100000
0.100000
0.100000
0.100000
1.100000
0.100000
0.100000
0.100000
1.100000
1.100000
1.100000
1.100000
0.100000
0.100000
0.100000
0.100000
1.100000
1.100000
0.100000
0.100000
0.100000
0.100000
1.100000
1.100000
0.100000
0.100000
0.100000
1.100000
0.100000
0.100000
0.100000
1.100000
1.100000
1.100000
1.100000
0.100000
0.100000
0.100000
0.100000
1.100000
1.100000
0.100000
0.100000
0.100000
0.100000
1.100000
1.100000
0.100000
0.100000
0.100000
1.100000
0.100000
0.100000
0.100000
9
2
5
4
3
9
10
11
8
1
2
0
14
3
6
0
14
2
7
0
1
0
1
0
1
2
1
3
3
14
0
12
2
0
13
1
0
1
0
1
8
1
9
9
19
20
21
2
1
8
17
16
15
2
14
18
1
14
1
14
1
15
2
22
14
1
14
1
14
1
19
9
25
28
27
26
32
33
34
31
24
2
23
37
3
29
23
37
2
30
23
1
23
1
23
1
25
1
26
3
37
23
35
2
23
36
1
23
1
23
1
31
1
32
9
42
43
44
25
24
31
40
39
38
2
37
41
1
37
1
37
1
38
2
45
37
1
37
1
37
1
42
9
48
51
50
49
55
56
57
54
47
2
46
60
3
52
46
60
2
53
46
1
46
1
46
1
48
1
49
3
60
46
58
2
46
59
1
46
1
46
1
54
1
55
9
65
66
67
48
47
54
63
62
61
2
60
64
1
60
1
60
1
61
2
68
60
1
60
1
60
1
65
9
71
74
73
72
78
79
80
77
70
2
69
83
3
75
69
83
2
76
69
1
69
1
69
1
71
1
72
3
83
69
81
2
69
82
1
69
1
69
1
77
1
78
9
88
89
90
71
70
77
86
85
84
2
83
87
1
83
1
83
1
84
2
91
83
1
83
1
83
1
88
9
94
97
96
95
101
102
103
100
93
2
92
106
3
98
92
106
2
99
92
1
92
1
92
1
94
1
95
3
106
92
104
2
92
105
1
92
1
92
1
100
1
101
9
111
112
113
94
93
100
109
108
107
2
106
110
1
106
1
106
1
107
2
114
106
1
106
1
106
1
111
9
117
120
119
118
124
125
126
123
116
2
115
129
3
121
115
129
2
122
115
1
115
1
115
1
117
1
118
3
129
115
127
2
115
128
1
115
1
115
1
123
1
124
9
134
135
136
117
116
123
132
131
130
2
129
133
1
129
1
129
1
130
2
137
129
1
129
1
129
1
134
9
140
143
142
141
147
148
149
146
139
2
138
152
3
144
138
152
2
145
138
1
138
1
138
1
140
1
141
3
152
138
150
2
138
151
1
138
1
138
1
146
1
147
9
157
158
159
140
139
146
155
154
153
2
152
156
1
152
1
152
1
153
2
160
152
1
152
1
152
1
157
9
163
166
165
164
170
171
172
169
162
2
161
175
3
167
161
175
2
168
161
1
161
1
161
1
163
1
164
3
175
161
173
2
161
174
1
161
1
161
1
169
1
170
9
180
181
182
163
162
169
178
177
176
2
175
179
1
175
1
175
1
176
2
183
175
1
175
1
175
1
180
9
186
189
188
187
193
194
195
192
185
2
184
198
3
190
184
198
2
191
184
1
184
1
184
1
186
1
187
3
198
184
196
2
184
197
1
184
1
184
1
192
1
193
9
203
204
205
186
185
192
201
200
199
2
198
202
1
198
1
198
1
199
2
206
198
1
198
1
198
1
203
9
1351
94.000000
21.000000
1.100000
1
3
3
0.600000
32
0
0.930000
32
32
0
